-4.5 -5.5 0 0 
-4.5 -5.5 0.129 0 
-3.17984 -5.32166 0.201397 3.10152 
-1.89395 -4.97145 0.330397 3.10152 
-0.663795 -4.45874 0.459397 3.10152 
0.490181 -3.79203 0.588397 3.10152 
1.5488 -2.98241 0.717397 3.10152 
2.49448 -2.04333 0.846397 3.10152 
3.31149 -0.990407 0.975397 3.10152 
3.98626 0.158874 1.1044 3.10152 
1.74141 -2.15323 1.19921 0.417621 
1.79566 -1.98217 1.32821 0.417621 
1.87831 -1.63892 1.40022 0.822087 
1.96213 -1.01405 1.46517 2.11084 
1.99516 -0.477813 1.5797 0.389147 
1.99428 -0.424863 1.6351 -0.142852 
2.00216 -0.485738 1.7641 -0.142852 
2.01781 -0.545093 1.8931 -0.142852 
2.04097 -0.601942 2.0221 -0.142852 
1.95028 0.517622 1.61023 1.23997 
1.93459 0.75073 1.70724 -0.153101 
1.94772 0.686266 1.83624 -0.153101 
1.96903 0.624027 1.96524 -0.153101 
1.99818 0.565047 2.09424 -0.153101 
2.03467 0.510306 2.22324 -0.153101 
1.3444 1.8148 2.22713 1.29092 
0.845004 2.4971 2.18318 2.6421 
0.133879 3.38211 2.31218 2.6421 
-0.685187 4.16828 2.44118 2.6421 
-1.59858 4.84255 2.57018 2.6421 
-2.59113 5.39372 2.69918 2.6421 
-3.64633 5.81263 2.82818 2.6421 
1.02204 2.96893 2.60772 -2.49348 
1.97762 2.48429 2.73672 -2.49348 
1.75399 2.51577 2.52629 0.491288 
1.68978 2.56331 2.42876 -0.119645 
1.73076 2.53227 2.55776 -0.119645 
1.71975 2.53947 2.61509 0.0305736 
1.70799 2.54533 2.74409 0.0305736 
1.69557 2.54962 2.87309 0.0305736 
-0.83222 3.50532 2.86299 4.20719 
-2.27195 4.00919 2.73925 2.89197 
-3.44439 4.42108 2.86825 2.89197 
-4.66008 4.67872 2.99725 2.89197 
-5.89881 4.77783 3.12625 2.89197 
-7.13999 4.71676 -3.02793 2.89197 
-8.36301 4.49654 -2.89893 2.89197 
-9.54753 4.12081 -2.76993 2.89197 
-10.6739 3.59582 -2.64093 2.89197 
0.760448 4.3732 -3.11298 -4.59816 
2.33771 4.47869 -3.02969 -2.75643 
3.50377 4.68654 -2.90069 -2.75643 
4.63341 5.04267 -2.77169 -2.75643 
5.70784 5.54117 -2.64269 -2.75643 
3.31338 4.60197 -3.13011 1.61477 
2.86902 4.61021 3.07921 0.45276 
2.67447 4.6098 -3.07498 0.45276 
2.48159 4.58436 -2.94598 0.45276 
2.29358 4.53433 -2.81698 0.45276 
2.11357 4.46052 -2.68798 0.45276 
1.94456 4.36417 -2.55898 0.45276 
1.78934 4.24688 -2.42998 0.45276 
3.187 4.56689 3.02609 -0.665785 
3.47271 4.55231 -3.12809 -0.665785 
3.75793 4.5746 -2.99909 -0.665785 
3.47042 4.52267 2.79171 0.221378 
3.47297 4.51992 2.69731 -0.237243 
3.56765 4.48213 2.82631 -0.237243 
3.6664 4.45683 2.95531 -0.237243 
3.76759 4.44444 3.08431 -0.237243 
3.86953 4.44518 -3.06988 -0.237243 
3.97053 4.45902 -2.94088 -0.237243 
4.06891 4.48574 -2.81188 -0.237243 
4.32542 4.45283 -2.89635 -0.342208 
4.45494 4.47778 -3.01067 -0.271629 
4.56944 4.50044 -2.88167 -0.271629 
4.68007 4.53765 -2.75267 -0.271629 
4.785 4.58878 -2.62367 -0.271629 
4.88247 4.65298 -2.49467 -0.271629 
4.97088 4.72918 -2.36567 -0.271629 
5.04875 4.81613 -2.23667 -0.271629 
5.11479 4.91237 -2.10767 -0.271629 
4.95875 4.35968 2.30617 -0.0389276 
4.97074 4.34802 2.43517 -0.0389276 
4.98414 4.33801 2.56417 -0.0389276 
4.91488 4.42604 2.11011 0.162279 
4.87529 4.48344 2.23911 0.162279 
4.88479 4.48254 1.94553 -0.0133122 
4.88393 4.48499 1.9093 0.0253705 
4.87966 4.49502 2.0383 0.0253705 
4.87413 4.50441 2.1673 0.0253705 
4.86744 4.51302 2.2963 0.0253705 
4.85969 4.52069 2.4253 0.0253705 
4.85102 4.52731 2.5543 0.0253705 
4.95086 5.07996 1.21552 0.445652 