-4.5 -5.5 0 0 
-4.21593 -5.5189 -0.0996254 1.32455 
-3.34687 -5.62755 -0.143971 2.74938 
-2.20973 -5.7458 -0.0623417 2.56964 
-1.14399 -5.76927 0.0192876 2.3899 
-0.157003 -5.71041 0.100917 2.21016 
0.745402 -5.58218 0.182546 2.03042 
1.559 -5.39791 0.264175 1.85068 
2.23701 -5.22263 0.240708 1.40659 
2.6606 -5.11317 0.268625 0.628403 
2.75964 -5.08522 0.296541 -0.149785 
2.53855 -5.13633 0.184526 -0.906075 
1.99079 -5.20405 0.0725096 -1.66237 
1.40314 -5.22192 -0.0182525 -1.0731 
1.06907 -5.20255 -0.109015 -0.483831 
0.988413 -5.19194 -0.199777 0.105436 
1.04474 -5.20662 -0.30276 0.165438 
1.12345 -5.23597 -0.405744 0.22544 
1.22187 -5.28464 -0.508728 0.285442 
1.3366 -5.35687 -0.611712 0.345444 
1.46363 -5.45639 -0.714695 0.405445 
1.59834 -5.58633 -0.817679 0.465447 
1.6126 -5.59757 -0.944293 -0.382835 
1.43072 -5.3023 -1.07091 -1.23112 
1.13344 -4.65611 -1.19752 -2.0794 
0.808953 -3.6304 -1.32414 -2.92768 
0.550125 -2.21352 -1.45075 -3.77597 
0.451616 -0.411364 -1.57736 -4.62425 
0.386764 1.27118 -1.4814 -3.21034 
0.244226 2.33775 -1.38544 -1.79643 
0.140676 2.79448 -1.28948 -0.382515 
0.190372 2.66409 -1.19352 1.0314 
0.357624 2.28372 -1.11785 0.901703 
0.526877 1.96626 -1.04217 0.772009 
0.689727 1.70955 -0.966494 0.642315 
0.838126 1.51053 -0.890817 0.512621 
0.964474 1.3653 -0.81514 0.382927 
1.03429 1.29116 -0.815937 0.0907291 
1.01799 1.30852 -0.816735 -0.201469 
1.02078 1.30723 -0.745693 0.214908 
1.1594 1.18945 -0.674651 0.631285 
1.44969 0.975026 -0.603609 1.04766 
1.80328 0.724703 -0.628811 0.967402 
2.12279 0.486198 -0.654013 0.887141 
2.40907 0.261057 -0.679215 0.806881 
2.66301 0.0507886 -0.704417 0.726621 
2.8651 -0.103486 -0.590981 0.456549 
2.98347 -0.174791 -0.477544 0.186476 
3.07209 -0.22224 -0.503868 0.281082 
3.19479 -0.292114 -0.530191 0.375687 
3.35043 -0.386224 -0.556515 0.470292 
3.53779 -0.506339 -0.582839 0.564898 
3.75559 -0.654178 -0.609162 0.659503 
3.86221 -0.73395 -0.715532 -0.039981 
3.74367 -0.615584 -0.821901 -0.739465 
3.44567 -0.254534 -0.92827 -1.43895 
3.02059 0.386036 -1.03464 -2.13843 
2.61087 1.18356 -1.15884 -2.03455 
2.31841 1.98377 -1.28303 -1.93067 
2.13731 2.77053 -1.40723 -1.82679 
2.0596 3.52925 -1.53143 -1.7229 
2.07546 4.24713 -1.65562 -1.61902 
2.17358 4.91335 -1.77982 -1.51514 
2.34153 5.51928 -1.90402 -1.41126 
2.56606 6.05853 -2.02821 -1.30737 
2.79413 6.57838 -1.94057 -1.33384 
2.95676 7.05681 -1.85239 -1.01721 
3.04459 7.41542 -1.7642 -0.700587 
3.08026 7.64578 -1.67601 -0.383962 
3.08718 7.74253 -1.58783 -0.0673365 
3.08924 7.70347 -1.49964 0.249289 
3.11038 7.52953 -1.41145 0.565914 
3.17426 7.22484 -1.32326 0.882539 
3.30386 6.7966 -1.23508 1.19916 
3.52113 6.25503 -1.14689 1.51579 
3.75519 5.72509 -1.16359 1.17879 
3.92408 5.32484 -1.18029 0.84179 
4.03224 5.05629 -1.19699 0.504791 
4.0841 4.92131 -1.21369 0.167792 
4.08419 4.92166 -1.2304 -0.169207 
4.06613 4.96892 -1.17291 -0.0660953 
4.05253 4.99635 -1.05061 -0.0764112 
4.03324 5.02562 -0.928304 -0.0867271 
4.0366 5.0225 -0.839235 0.107862 

